0:  aa 01 00 00 00 00 00 00 00 00 00 00 00 00 00 00 00 00 00 00 00 00 00 00 00 00 00 00 00 00 00 00 00 00 ab
1:  aa 01 00 00 00 00 00 00 07 77 00 00 00 00 00 00 00 00 00 00 00 00 00 00 00 00 00 00 00 00 00 00 00 00 29
2:  aa 01 00 00 00 00 07 2e 00 00 00 00 00 00 00 00 00 00 00 00 00 00 00 00 00 00 00 00 00 00 00 00 00 00 e0
3:  aa 01 00 00 05 a8 00 00 00 00 00 00 00 00 00 00 00 00 00 00 00 00 00 00 00 00 00 00 00 00 00 00 00 00 58
4:  aa 01 06 4b 00 00 00 00 00 00 00 00 00 00 00 00 00 00 00 00 00 00 00 00 00 00 00 00 00 00 00 00 00 00 fc
5:  aa 01 00 00 00 00 00 00 00 00 00 00 00 00 00 00 05 77 00 00 00 00 00 00 00 00 00 00 00 00 00 00 00 00 27
6:  aa 01 00 00 00 00 00 00 00 00 00 00 00 00 05 5d 00 00 00 00 00 00 00 00 00 00 00 00 00 00 00 00 00 00 0d
7:  aa 01 00 00 00 00 00 00 00 00 00 00 05 cf 00 00 00 00 00 00 00 00 00 00 00 00 00 00 00 00 00 00 00 00 7f
8:  aa 01 00 00 00 00 00 00 00 00 04 f8 00 00 00 00 00 00 00 00 00 00 00 00 00 00 00 00 00 00 00 00 00 00 a7
9:  aa 01 00 00 00 00 00 00 00 00 00 00 00 00 00 00 00 00 00 00 00 00 00 00 04 83 00 00 00 00 00 00 00 00 32
10: aa 01 00 00 00 00 00 00 00 00 00 00 00 00 00 00 00 00 00 00 00 00 04 d6 00 00 00 00 00 00 00 00 00 00 85
11: aa 01 00 00 00 00 00 00 00 00 00 00 00 00 00 00 00 00 00 00 03 41 00 00 00 00 00 00 00 00 00 00 00 00 ef
12: aa 01 00 00 00 00 00 00 00 00 00 00 00 00 00 00 00 00 03 f4 00 00 00 00 00 00 00 00 00 00 00 00 00 00 a2
13: aa 01 00 00 00 00 00 00 00 00 00 00 00 00 00 00 00 00 00 00 00 00 00 00 00 00 00 00 00 00 00 00 04 e5 94
14: aa 01 00 00 00 00 00 00 00 00 00 00 00 00 00 00 00 00 00 00 00 00 00 00 00 00 00 00 00 00 04 6c 00 00 1b
15: aa 01 00 00 00 00 00 00 00 00 00 00 00 00 00 00 00 00 00 00 00 00 00 00 00 00 00 00 04 73 00 00 00 00 22
16: aa 01 00 00 00 00 00 00 00 00 00 00 00 00 00 00 00 00 00 00 00 00 00 00 00 00 05 0e 00 00 00 00 00 00 be

    aa 01 44 44 33 33 22 22 11 11 88 88 77 77 66 66 55 55 12 12 11 11 10 10 99 99 16 16 15 15 14 14 13 13 xx