aa 01 00 00 00 05 00 09 00 04 00 30 00 29 00 37 00 35 00 00 00 00 00 00 00 00 00 00 00 00 00 00 00 00 82
aa 01 00 07 00 16 00 1a 00 0d 00 39 00 2f 00 38 00 39 00 00 00 00 00 00 00 00 00 00 00 06 00 00 00 00 ce
aa 01 00 25 00 2b 00 32 00 1f 00 3b 00 31 00 40 00 37 00 00 00 00 00 00 00 00 00 00 00 01 00 00 00 00 30
aa 01 00 2c 00 14 00 11 00 05 00 40 00 3a 00 34 00 3e 00 09 00 00 00 00 00 00 00 00 00 00 00 00 00 00 f6
aa 01 00 28 00 09 00 0c 00 05 00 35 00 1f 00 27 00 1e 00 11 00 00 00 01 00 07 00 00 00 00 00 00 00 00 9f
aa 01 00 2d 00 09 00 10 00 0c 00 3d 00 1d 00 22 00 26 00 32 00 16 00 0f 00 20 00 00 00 00 00 00 00 00 16
aa 01 00 2c 00 07 00 0d 00 14 00 3d 00 20 00 29 00 35 00 37 00 1d 00 16 00 25 00 00 00 00 00 00 00 00 49
aa 01 00 32 00 08 00 0f 00 14 00 3b 00 27 00 37 00 4a 00 37 00 21 00 14 00 28 00 00 00 00 00 00 00 00 7f
aa 01 00 33 00 0b 00 11 00 11 00 3a 00 29 00 30 00 45 00 39 00 1d 00 20 00 30 00 00 00 00 00 00 00 00 89
aa 01 00 2a 00 07 00 11 00 11 00 3e 00 2a 00 3b 00 49 00 3c 00 20 00 20 00 32 00 00 00 00 00 00 00 00 98
aa 01 00 2b 00 09 00 11 00 10 00 32 00 27 00 38 00 4c 00 33 00 1b 00 1b 00 3d 00 00 00 02 00 00 00 00 85
aa 01 00 24 00 08 00 12 00 0e 00 2d 00 25 00 28 00 39 00 3e 00 21 00 21 00 4a 00 0f 00 03 00 00 00 00 86
aa 01 00 2c 00 08 00 0e 00 13 00 2f 00 1c 00 26 00 30 00 37 00 27 00 21 00 54 00 12 00 02 00 00 00 03 8b
aa 01 00 21 00 06 00 0f 00 17 00 23 00 1a 00 1e 00 23 00 3e 00 28 00 25 00 5a 00 0f 00 00 00 00 00 01 6b
aa 01 00 26 00 08 00 10 00 13 00 25 00 13 00 18 00 1f 00 2e 00 30 00 2b 00 5f 00 12 00 00 00 00 00 00 65
aa 01 00 24 00 08 00 11 00 11 00 23 00 16 00 1c 00 1f 00 30 00 35 00 2b 00 66 00 1e 00 00 00 00 00 15 96
aa 01 00 27 00 09 00 12 00 14 00 25 00 16 00 17 00 1f 00 2f 00 3d 00 2e 00 6d 00 1d 00 06 00 00 00 17 b3
aa 01 00 22 00 0b 00 0f 00 10 00 25 00 15 00 14 00 1e 00 27 00 34 00 2f 00 7a 00 17 00 00 00 00 00 20 9e
aa 01 00 1f 00 09 00 0c 00 11 00 27 00 0e 00 12 00 1e 00 29 00 41 00 2c 00 73 00 1f 00 00 00 00 00 1a 97
aa 01 00 1a 00 04 00 08 00 0e 00 22 00 0f 00 0c 00 1b 00 2b 00 40 00 24 00 6e 00 1f 00 00 00 00 00 1a 6d
aa 01 00 1a 00 05 00 07 00 0c 00 22 00 12 00 0e 00 18 00 25 00 3d 00 21 00 73 00 24 00 08 00 00 00 27 80
aa 01 00 15 00 03 00 03 00 08 00 20 00 0e 00 10 00 17 00 23 00 42 00 1f 00 6c 00 1e 00 00 00 00 00 28 59
aa 01 00 16 00 03 00 06 00 0a 00 1d 00 0d 00 0c 00 18 00 28 00 3a 00 23 00 6b 00 26 00 00 00 00 00 27 5f
aa 01 00 1a 00 08 00 04 00 04 00 1b 00 0e 00 0e 00 18 00 27 00 35 00 1d 00 63 00 31 00 00 00 00 00 24 55
aa 01 00 17 00 03 00 03 00 0a 00 1c 00 11 00 0e 00 18 00 26 00 33 00 1a 00 5d 00 3f 00 00 00 00 00 1e 52
aa 01 00 15 00 07 00 03 00 06 00 21 00 10 00 18 00 21 00 22 00 26 00 13 00 52 00 41 00 00 00 00 00 18 40
aa 01 00 13 00 07 00 02 00 03 00 1d 00 12 00 1b 00 24 00 18 00 20 00 11 00 48 00 45 00 00 00 00 00 1b 29
aa 01 00 11 00 09 00 02 00 03 00 20 00 0a 00 1c 00 27 00 16 00 16 00 0b 00 45 00 3f 00 00 00 00 00 0b fd
aa 01 00 0e 00 0b 00 00 00 07 00 1f 00 0c 00 19 00 21 00 17 00 14 00 0b 00 42 00 2e 00 00 00 00 00 08 de
aa 01 00 0e 00 07 00 02 00 07 00 20 00 0a 00 18 00 20 00 19 00 14 00 0f 00 46 00 1e 00 00 00 00 00 03 ce
aa 01 00 0d 00 07 00 01 00 08 00 1a 00 0d 00 1a 00 1b 00 17 00 14 00 0e 00 48 00 18 00 00 00 00 00 01 be
aa 01 00 0e 00 08 00 03 00 09 00 21 00 0d 00 16 00 14 00 16 00 12 00 0f 00 41 00 14 00 00 00 00 00 00 b1
aa 01 00 0f 00 04 00 01 00 06 00 22 00 10 00 14 00 14 00 15 00 0b 00 0e 00 39 00 19 00 00 00 00 00 01 a0
aa 01 00 0e 00 00 00 00 00 07 00 22 00 0b 00 0f 00 14 00 17 00 10 00 11 00 3a 00 19 00 00 00 00 00 02 9d
aa 01 00 0f 00 00 00 00 00 07 00 1f 00 0b 00 14 00 16 00 14 00 11 00 0f 00 3c 00 15 00 00 00 00 00 06 a0
aa 01 00 11 00 03 00 00 00 06 00 22 00 0f 00 13 00 10 00 19 00 0e 00 11 00 3b 00 0f 00 00 00 00 00 01 9c
aa 01 00 0d 00 04 00 00 00 03 00 1e 00 10 00 0e 00 11 00 18 00 0d 00 11 00 37 00 09 00 00 00 00 00 00 82
aa 01 00 0d 00 00 00 00 00 02 00 1f 00 0b 00 11 00 0f 00 18 00 0b 00 0f 00 34 00 05 00 00 00 00 00 00 6f
aa 01 00 08 00 00 00 00 00 00 00 1d 00 0d 00 0f 00 13 00 15 00 08 00 10 00 1f 00 00 00 00 00 00 00 00 4b
aa 01 00 00 00 00 00 00 00 00 00 18 00 08 00 0d 00 10 00 07 00 00 00 00 00 12 00 00 00 00 00 00 00 00 01
aa 01 00 00 00 00 00 00 00 00 00 08 00 00 00 03 00 0d 00 00 00 00 00 00 00 00 00 00 00 00 00 00 00 00 c3
aa 01 00 02 00 00 00 00 00 00 00 04 00 00 00 00 00 02 00 00 00 00 00 00 00 00 00 00 00 00 00 00 00 00 b3
aa 01 00 00 00 00 00 00 00 00 00 01 00 00 00 00 00 00 00 00 00 00 00 00 00 00 00 00 00 0d 00 00 00 00 b9
aa 01 00 00 00 00 00 00 00 01 00 00 00 00 00 00 00 00 00 00 00 00 00 02 00 04 00 00 00 08 00 00 00 00 ba
aa 01 00 00 00 00 00 00 00 00 00 00 00 00 00 00 00 00 00 00 00 00 00 00 00 00 00 00 00 00 00 00 00 00 ab
aa 01 00 00 00 00 00 00 00 00 00 00 00 00 00 00 00 00 00 00 00 00 00 00 00 00 00 00 00 00 00 00 00 00 ab
aa 01 00 00 00 00 00 00 00 00 00 00 00 00 00 00 00 00 00 00 00 00 00 00 00 00 00 00 00 00 00 00 00 00 ab
aa 01 00 00 00 00 00 00 00 00 00 00 00 00 00 00 00 00 00 00 00 00 00 00 00 00 00 00 00 00 00 00 00 00 ab
aa 01 00 00 00 00 00 00 00 00 00 00 00 00 00 00 00 00 00 00 00 00 00 00 00 00 00 00 00 00 00 00 00 00 ab
aa 01 00 00 00 00 00 00 00 00 00 00 00 00 00 00 00 00 00 00 00 00 00 00 00 00 00 00 00 00 00 00 00 00 ab
aa 01 00 00 00 02 00 00 00 00 00 00 00 00 00 00 00 00 00 00 00 00 00 00 00 00 00 00 00 00 00 00 00 00 ad
aa 01 00 00 00 02 00 00 00 00 00 00 00 00 00 00 00 00 00 00 00 00 00 00 00 00 00 00 00 00 00 00 00 00 ad
aa 01 00 00 00 02 00 00 00 00 00 00 00 00 00 00 00 00 00 00 00 00 00 00 00 00 00 00 00 00 00 00 00 00 ad
aa 01 00 00 00 02 00 00 00 00 00 00 00 00 00 00 00 00 00 00 00 00 00 00 00 00 00 00 00 00 00 00 00 00 ad
aa 01 00 01 00 01 00 00 00 00 00 00 00 00 00 00 00 00 00 00 00 00 00 00 00 00 00 00 00 00 00 00 00 00 ad
aa 01 00 03 00 00 00 00 00 00 00 00 00 00 00 00 00 00 00 00 00 00 00 00 00 00 00 00 00 00 00 00 00 00 ae
aa 01 00 03 00 00 00 00 00 00 00 00 00 00 00 00 00 00 00 00 00 00 00 00 00 00 00 00 00 00 00 00 00 00 ae
aa 01 00 01 00 00 00 00 00 00 00 00 00 00 00 00 00 00 00 00 00 00 00 00 00 00 00 00 00 00 00 00 00 00 ac
aa 01 00 02 00 00 00 00 00 00 00 00 00 00 00 00 00 00 00 00 00 00 00 00 00 00 00 00 00 00 00 00 00 00 ad
aa 01 00 04 00 00 00 00 00 00 00 00 00 00 00 00 00 00 00 00 00 00 00 00 00 00 00 00 00 00 00 00 00 00 af
aa 01 00 02 00 00 00 00 00 00 00 00 00 00 00 00 00 00 00 00 00 00 00 00 00 00 00 00 00 00 00 00 00 00 ad
aa 01 00 01 00 00 00 00 00 00 00 00 00 00 00 00 00 00 00 00 00 00 00 00 00 00 00 00 00 00 00 00 00 00 ac
aa 01 00 03 00 00 00 00 00 00 00 00 00 00 00 00 00 00 00 00 00 00 00 00 00 00 00 00 00 00 00 00 00 00 ae
aa 01 00 02 00 00 00 00 00 00 00 00 00 00 00 00 00 00 00 00 00 00 00 00 00 00 00 00 00 00 00 00 00 00 ad
aa 01 00 02 00 00 00 00 00 00 00 00 00 00 00 00 00 00 00 00 00 00 00 00 00 00 00 00 00 00 00 00 00 00 ad
aa 01 00 03 00 00 00 00 00 00 00 00 00 00 00 00 00 00 00 00 00 00 00 00 00 00 00 01 00 00 00 00 00 00 af
aa 01 00 02 00 00 00 00 00 00 00 00 00 00 00 00 00 00 00 00 00 00 00 00 00 00 00 00 00 00 00 00 00 00 ad
aa 01 00 02 00 00 00 00 00 00 00 00 00 00 00 00 00 00 00 00 00 00 00 00 00 00 00 01 00 00 00 00 00 00 ae
aa 01 00 01 00 00 00 00 00 00 00 00 00 00 00 00 00 00 00 00 00 00 00 00 00 00 00 01 00 00 00 00 00 00 ad
aa 01 00 04 00 00 00 00 00 00 00 00 00 00 00 00 00 00 00 00 00 00 00 00 00 00 00 00 00 00 00 00 00 00 af
aa 01 00 00 00 00 00 00 00 00 00 00 00 00 00 00 00 00 00 00 00 00 00 00 00 00 00 01 00 00 00 00 00 00 ac
aa 01 00 00 00 00 00 00 00 00 00 00 00 00 00 00 00 00 00 00 00 00 00 00 00 00 00 00 00 00 00 00 00 00 ab
aa 01 00 00 00 00 00 00 00 00 00 00 00 00 00 00 00 00 00 00 00 00 00 00 00 00 00 00 00 00 00 00 00 00 ab
aa 01 00 00 00 00 00 00 00 00 00 00 00 00 00 00 00 00 00 00 00 00 00 00 00 00 00 00 00 00 00 00 00 00 ab
aa 01 00 00 00 00 00 00 00 00 00 00 00 00 00 00 00 00 00 00 00 00 00 00 00 00 00 00 00 00 00 00 00 00 ab
aa 01 00 00 00 00 00 00 00 00 00 00 00 00 00 00 00 00 00 00 00 00 00 00 00 00 00 00 00 00 00 00 00 00 ab
aa 01 00 00 00 00 00 00 00 00 00 00 00 00 00 00 00 00 00 00 00 00 00 00 00 00 00 00 00 00 00 00 00 00 ab
aa 01 00 00 00 00 00 00 00 00 00 00 00 00 00 00 00 00 00 00 00 00 00 00 00 00 00 00 00 00 00 00 00 00 ab
aa 01 00 00 00 00 00 00 00 00 00 00 00 00 00 00 00 00 00 00 00 00 00 00 00 00 00 00 00 00 00 00 00 00 ab
aa 01 00 00 00 00 00 00 00 00 00 00 00 00 00 00 00 00 00 00 00 00 00 00 00 00 00 00 00 00 00 00 00 00 ab
aa 01 00 01 00 00 00 00 00 00 00 00 00 00 00 00 00 00 00 00 00 00 00 00 00 00 00 00 00 00 00 00 00 00 ac
aa 01 00 00 00 00 00 00 00 00 00 00 00 00 00 00 00 00 00 00 00 00 00 00 00 00 00 00 00 00 00 00 00 00 ab
aa 01 00 00 00 00 00 00 00 00 00 00 00 00 00 00 00 00 00 00 00 00 00 00 00 00 00 00 00 00 00 00 00 00 ab
aa 01 00 00 00 00 00 00 00 00 00 00 00 00 00 00 00 00 00 00 00 00 00 00 00 00 00 00 00 00 00 00 00 00 ab
aa 01 00 00 00 00 00 00 00 00 00 00 00 00 00 00 00 00 00 00 00 00 00 00 00 00 00 00 00 00 00 00 00 00 ab
aa 01 00 00 00 00 00 00 00 00 00 00 00 00 00 00 00 00 00 00 00 00 00 00 00 00 00 00 00 00 00 00 00 00 ab
aa 01 00 00 00 00 00 00 00 00 00 00 00 00 00 00 00 00 00 00 00 00 00 00 00 00 00 00 00 00 00 00 00 00 ab
aa 01 00 00 00 00 00 00 00 00 00 00 00 00 00 00 00 00 00 00 00 00 00 00 00 00 00 00 00 00 00 00 00 00 ab
aa 01 00 00 00 00 00 00 00 00 00 00 00 00 00 00 00 00 00 00 00 00 00 00 00 00 00 00 00 00 00 00 00 00 ab
aa 01 00 00 00 00 00 00 00 00 00 00 00 00 00 00 00 00 00 00 00 00 00 00 00 00 00 00 00 00 00 00 00 00 ab
aa 01 00 00 00 00 00 00 00 00 00 00 00 00 00 00 00 00 00 00 00 00 00 00 00 00 00 00 00 00 00 00 00 00 ab
aa 01 00 00 00 00 00 00 00 00 00 00 00 00 00 00 00 00 00 00 00 00 00 00 00 00 00 00 00 00 00 00 00 00 ab
aa 01 00 00 00 00 00 00 00 00 00 00 00 00 00 00 00 00 00 00 00 00 00 00 00 00 00 00 00 00 00 00 00 00 ab
aa 01 00 00 00 00 00 00 00 00 00 00 00 00 00 00 00 00 00 00 00 00 00 00 00 00 00 00 00 00 00 00 00 00 ab
aa 01 00 00 00 00 00 00 00 00 00 00 00 00 00 00 00 00 00 00 00 00 00 00 00 00 00 00 00 00 00 00 00 00 ab
aa 01 00 00 00 00 00 00 00 00 00 00 00 00 00 00 00 00 00 00 00 00 00 00 00 00 00 00 00 00 00 00 00 00 ab
aa 01 00 00 00 00 00 00 00 00 00 00 00 00 00 00 00 00 00 00 00 00 00 00 00 00 00 00 00 00 00 00 00 00 ab
aa 01 00 00 00 00 00 00 00 00 00 00 00 00 00 00 00 00 00 00 00 00 00 00 00 00 00 00 00 00 00 00 00 00 ab
aa 01 00 00 00 00 00 00 00 00 00 00 00 00 00 00 00 00 00 00 00 00 00 00 00 00 00 00 00 00 00 00 00 00 ab
aa 01 00 00 00 00 00 00 00 00 00 00 00 00 00 00 00 00 00 00 00 00 00 00 00 00 00 00 00 00 00 00 00 00 ab
