aa 01 00 00 00 00 00 00 00 00 00 e9 00 ba 00 8b 00 61 00 8d 00 ef 00 e7 01 2c 00 27 00 52 00 0e 00 00 51
aa 01 00 00 00 00 00 00 00 00 00 e3 00 b5 00 8c 00 64 00 91 00 ef 00 ed 01 3a 00 26 00 59 00 10 00 05 6f
aa 01 00 00 00 00 00 00 00 00 00 e1 00 b9 00 88 00 61 00 97 00 e7 00 ed 01 39 00 26 00 57 00 10 00 02 62
aa 01 00 00 00 00 00 00 00 00 00 eb 00 bd 00 89 00 62 00 97 00 ed 00 f0 01 3a 00 28 00 58 00 11 00 03 81
aa 01 00 00 00 00 00 00 00 00 00 ef 00 bb 00 8a 00 62 00 95 00 ee 00 f0 01 33 00 29 00 55 00 11 00 03 7a
aa 01 00 00 00 00 00 00 00 00 00 ef 00 bf 00 8a 00 5f 00 95 00 ee 00 f9 01 37 00 27 00 56 00 0f 00 04 86
aa 01 00 00 00 00 00 00 00 00 00 f2 00 b7 00 8b 00 60 00 92 00 ef 00 f2 01 31 00 24 00 4e 00 11 00 02 69
aa 01 00 00 00 00 00 00 00 00 00 f5 00 b9 00 8d 00 61 00 8d 00 ef 00 ef 01 2b 00 26 00 58 00 13 00 01 70
aa 01 00 00 00 00 00 00 00 00 00 fb 00 b9 00 8c 00 60 00 8a 00 e8 00 f6 01 30 00 21 00 4e 00 11 00 01 65
aa 01 00 00 00 00 00 00 00 00 00 fa 00 bc 00 8d 00 60 00 8a 00 eb 01 00 01 3f 00 22 00 4d 00 0e 00 00 81
aa 01 00 00 00 00 00 00 00 00 00 f9 00 bd 00 8d 00 5e 00 8a 00 ef 01 05 01 4b 00 23 00 55 00 0f 00 00 9e
aa 01 00 00 00 00 00 00 00 00 00 f0 00 bf 00 89 00 5f 00 8d 00 f3 01 0f 01 54 00 25 00 51 00 0e 00 00 ab
aa 01 00 00 00 00 00 00 00 00 00 e7 00 b3 00 88 00 60 00 8e 00 f9 01 14 01 57 00 25 00 54 00 0c 00 02 a8
aa 01 00 00 00 00 00 00 00 00 00 de 00 aa 00 86 00 5b 00 94 01 03 01 19 01 51 00 26 00 54 00 0f 00 00 a1
aa 01 00 00 00 00 00 00 00 00 00 d1 00 9a 00 8b 00 5f 00 a0 01 0e 01 16 01 56 00 21 00 56 00 09 00 01 9e
aa 01 00 00 00 00 00 00 00 00 00 c3 00 8b 00 77 00 55 00 a4 01 0f 01 19 01 65 00 28 00 4b 00 07 00 00 73
aa 01 00 00 00 00 00 00 00 00 00 bb 00 96 00 7b 00 5c 00 b6 01 13 01 14 01 6f 00 22 00 41 00 04 00 00 89
aa 01 00 00 00 00 00 00 00 00 00 bc 00 97 00 75 00 50 00 cb 01 30 01 43 01 76 00 2e 00 32 00 02 00 01 dd
aa 01 00 00 00 00 00 00 00 00 00 ae 00 8c 00 67 00 4d 00 dc 01 54 01 48 01 66 00 26 00 2f 00 00 00 04 d3
aa 01 00 00 00 00 00 00 00 00 00 b1 00 94 00 76 00 3f 00 f3 01 75 01 7f 01 77 00 22 00 31 00 02 00 03 5e
aa 01 00 00 00 00 00 00 00 00 00 c6 00 a4 00 6a 00 42 00 f9 01 79 01 8b 01 7d 00 22 00 2f 00 03 00 03 95
aa 01 00 00 00 00 00 00 00 00 00 c8 00 9c 00 75 00 4d 01 0b 01 7e 01 8c 01 7c 00 26 00 34 00 02 00 09 cb
aa 01 00 00 00 00 00 00 00 00 00 c2 00 98 00 70 00 47 01 12 01 8d 01 ab 01 95 00 21 00 2b 00 00 00 0b f6
aa 01 00 00 00 00 00 00 00 00 00 ba 00 a6 00 75 00 41 01 20 01 9f 01 aa 01 ac 00 22 00 2f 00 00 00 10 3b
aa 01 00 00 00 00 00 00 00 00 00 bb 00 9e 00 7b 00 43 01 1e 01 a2 01 b6 01 b4 00 26 00 2c 00 00 00 11 53
aa 01 00 00 00 00 00 00 00 00 00 b6 00 99 00 66 00 4c 01 2f 01 a6 01 c5 01 c8 00 27 00 2b 00 00 00 29 8d
aa 01 00 00 00 00 00 00 00 01 00 a3 00 8d 00 66 00 40 01 33 01 b0 01 c8 01 d5 00 23 00 2a 00 02 00 30 85
aa 01 00 00 00 00 00 00 00 01 00 a5 00 88 00 5f 00 49 01 4e 01 ae 01 dd 01 e7 00 26 00 28 00 00 00 36 c9
aa 01 00 00 00 00 00 00 00 00 00 ac 00 8a 00 5d 00 47 01 45 01 a5 01 da 01 f8 00 23 00 25 00 00 00 3f cc
aa 01 00 00 00 00 00 00 00 00 00 af 00 90 00 5f 00 45 01 3e 01 ba 01 e3 01 f2 00 28 00 26 00 00 00 3e eb
aa 01 00 00 00 00 00 00 00 03 00 ad 00 92 00 58 00 47 01 49 01 be 01 ee 01 e7 00 26 00 1c 00 00 00 3b e9
aa 01 00 00 00 00 00 00 00 02 00 ae 00 83 00 4c 00 4a 01 4c 01 ce 01 f1 02 06 00 24 00 1f 00 00 00 48 15
aa 01 00 00 00 00 00 00 00 00 00 a6 00 86 00 5b 00 4d 01 3b 01 c2 01 fb 02 06 00 2e 00 21 00 00 00 40 11
aa 01 00 00 00 00 00 00 00 00 00 ab 00 88 00 4a 00 4f 01 49 01 c8 01 fb 02 0a 00 2b 00 22 00 00 00 40 1f
aa 01 00 00 00 00 00 00 00 00 00 b2 00 86 00 46 00 4a 01 61 01 c8 02 0d 02 0c 00 2c 00 20 00 00 00 42 49
aa 01 00 00 00 00 00 00 00 00 00 a8 00 81 00 48 00 4e 01 5b 01 c5 02 0b 02 18 00 27 00 1f 00 00 00 46 3f
aa 01 00 00 00 00 00 00 00 00 00 ab 00 74 00 42 00 4f 01 5d 01 dd 02 11 02 1a 00 25 00 16 00 00 00 3d 3e
aa 01 00 00 00 00 00 00 00 00 00 a1 00 70 00 3c 00 4b 01 5a 01 cb 02 1b 02 26 00 27 00 1a 00 00 00 3d 2d
aa 01 00 00 00 00 00 00 00 00 00 a6 00 6d 00 3b 00 4d 01 64 01 e6 02 2d 02 2c 00 25 00 16 00 00 00 40 6a
aa 01 00 00 00 00 00 00 00 00 00 a0 00 79 00 34 00 48 01 55 01 e0 02 2c 02 2a 00 2a 00 19 00 00 00 3e 52
aa 01 00 00 00 00 00 00 00 00 00 9b 00 64 00 2c 00 3f 01 6b 01 d6 02 44 02 37 00 27 00 14 00 00 00 42 54
aa 01 00 00 00 00 00 00 00 00 00 8f 00 5f 00 2b 00 40 01 62 01 e5 02 57 02 37 00 29 00 13 00 00 00 39 54
aa 01 00 00 00 00 00 00 00 00 00 7c 00 57 00 20 00 39 01 6a 02 0a 02 5b 02 4a 00 21 00 0f 00 00 00 38 5f
aa 01 00 00 00 00 00 00 00 00 00 7b 00 54 00 21 00 2d 01 52 02 01 02 73 02 44 00 25 00 0a 00 00 00 31 39
aa 01 00 00 00 00 00 00 00 00 00 73 00 55 00 1d 00 31 01 42 02 19 02 77 02 3e 00 1b 00 02 00 00 00 3d 32
aa 01 00 00 00 00 00 00 00 00 00 6f 00 44 00 1d 00 34 01 41 02 1a 02 93 02 40 00 1f 00 00 00 07 00 39 43
aa 01 00 00 00 00 00 00 00 00 00 74 00 47 00 15 00 35 01 39 02 17 02 aa 02 53 00 20 00 00 00 0e 00 30 62
aa 01 00 00 00 00 00 00 00 00 00 70 00 3d 00 16 00 28 01 19 02 18 02 a8 02 60 00 1b 00 01 00 23 00 36 4b
aa 01 00 00 00 00 00 00 00 00 00 68 00 38 00 0d 00 24 01 0e 02 11 02 aa 02 52 00 16 00 00 00 3c 00 32 22
aa 01 00 00 00 00 00 00 00 00 00 66 00 32 00 0e 00 24 00 f3 02 11 02 8c 02 4f 00 10 00 00 00 4a 00 35 e9
aa 01 00 00 00 00 00 00 00 00 00 61 00 28 00 09 00 25 00 f2 01 f6 02 6d 02 3b 00 0f 00 00 00 56 00 36 92
aa 01 00 00 00 00 00 00 00 00 00 66 00 26 00 0d 00 22 00 df 01 d2 02 5b 02 21 00 10 00 00 00 6e 00 33 49
aa 01 00 00 00 00 00 00 00 00 00 66 00 2c 00 0b 00 20 00 e8 01 de 02 70 02 19 00 0b 00 00 00 76 00 32 6f
aa 01 00 00 00 00 00 00 00 00 00 69 00 2d 00 0a 00 21 00 e4 01 de 02 6d 02 16 00 0e 00 00 00 6f 00 39 6c
aa 01 00 00 00 00 00 00 00 00 00 7b 00 3d 00 14 00 1e 00 e4 01 cb 02 61 02 1b 00 0d 00 00 00 82 00 39 8d
aa 01 00 00 00 00 00 00 00 00 00 7a 00 3f 00 0e 00 1c 00 d7 01 b7 02 5f 02 1a 00 11 00 00 00 80 00 35 60
aa 01 00 00 00 00 00 00 00 00 00 94 00 52 00 18 00 28 00 be 01 8b 02 31 01 f3 00 0c 00 00 00 6e 00 32 ee
aa 01 00 00 00 00 00 00 00 00 00 d4 00 78 00 28 00 29 00 bb 01 80 02 26 02 03 00 08 00 00 00 5f 00 3f 57
aa 01 00 00 00 00 00 00 00 00 00 ed 00 a9 00 41 00 31 00 ae 01 8f 02 4d 02 0a 00 06 00 00 00 5a 00 45 f1
aa 01 00 00 00 00 00 00 00 00 01 01 00 e3 00 75 00 36 00 95 01 6f 02 2c 02 0f 00 01 00 00 00 5b 00 4b 26
aa 01 00 00 00 00 00 0c 00 00 01 1f 00 e8 00 8e 00 30 00 8d 01 6c 02 40 02 1a 00 02 00 00 00 61 00 4c 84
aa 01 00 00 00 00 00 08 00 00 00 fe 00 c2 00 a0 00 30 00 95 01 7a 02 4b 02 20 00 00 00 00 00 55 00 4a 61
aa 01 00 00 00 00 00 07 00 00 00 e4 00 d0 00 bb 00 26 00 92 01 77 02 6b 02 11 00 00 00 00 00 50 00 4c 6d
aa 01 00 00 00 00 00 05 00 00 00 fd 00 c7 00 b0 00 25 00 80 01 52 02 49 02 16 00 00 00 00 00 48 00 4a 11
aa 01 00 02 00 00 00 06 00 00 01 02 00 d8 00 b8 00 28 00 73 01 44 02 1b 02 21 00 00 00 00 00 3a 00 49 e9
aa 01 00 06 00 00 00 07 00 00 00 f9 00 d7 00 ad 00 2f 00 74 01 6a 02 2c 02 1e 00 00 00 00 00 3c 00 43 10
aa 01 00 05 00 00 00 07 00 00 00 f2 00 d5 00 a4 00 21 00 85 01 72 02 3c 02 15 00 00 00 00 00 41 00 44 15
aa 01 00 05 00 00 00 04 00 00 00 fc 00 d2 00 96 00 29 00 99 01 57 02 3f 02 21 00 00 00 00 00 47 00 40 1d
aa 01 00 03 00 00 00 03 00 00 00 e9 00 d5 00 a1 00 2b 00 8b 01 64 02 39 02 2b 00 00 00 00 00 56 00 40 29
aa 01 00 00 00 00 00 03 00 00 00 ec 00 c5 00 a1 00 30 00 82 01 63 02 6b 02 28 00 00 00 00 00 59 00 45 4b
aa 01 00 04 00 00 00 00 00 00 01 04 00 d5 00 97 00 40 00 99 01 82 02 97 02 62 00 00 00 00 00 4a 00 3f 02
aa 01 00 03 00 00 00 00 00 00 01 16 00 e5 00 b8 00 57 00 af 01 71 02 96 02 5c 00 00 00 00 00 49 00 45 5e
aa 01 00 00 00 00 00 00 00 00 01 3d 01 11 00 db 00 65 00 b5 01 66 02 69 02 5b 00 00 00 00 00 33 00 40 92
aa 01 00 00 00 00 00 00 00 00 01 48 01 42 00 fe 00 79 00 bb 01 51 02 3d 02 48 00 03 00 00 00 1f 00 38 9e
aa 01 00 00 00 00 00 00 00 00 01 70 01 45 01 1e 00 82 00 c9 01 66 02 31 02 3c 00 03 00 00 00 19 00 3a fa
aa 01 00 00 00 00 00 00 00 00 01 8b 01 51 01 1a 00 7a 00 c9 01 78 02 2c 02 43 00 00 00 00 00 1f 00 32 24
aa 01 00 00 00 00 00 00 00 00 01 8a 01 6a 01 10 00 86 00 c9 01 9a 02 4f 02 67 00 00 00 00 00 2a 00 39 b9
aa 01 00 00 00 00 00 00 00 00 01 a1 01 3a 00 f4 00 7c 00 be 01 bb 02 a8 02 88 00 00 00 00 00 1e 00 32 f6
aa 01 00 00 00 00 00 00 00 00 01 8a 01 10 00 c1 00 5d 00 91 01 91 02 60 02 9f 00 02 00 00 00 1d 00 30 da
aa 01 00 00 00 00 00 00 00 00 01 54 00 c9 00 7b 00 3a 00 9a 01 7e 02 52 02 68 00 00 00 00 00 2e 00 27 aa
aa 01 00 00 00 00 00 00 00 00 01 30 00 be 00 67 00 32 00 a7 01 78 02 3f 02 46 00 00 00 00 00 1b 00 37 2e
aa 01 00 00 00 00 00 00 00 00 01 43 00 da 00 75 00 35 00 83 01 39 01 fc 01 d3 00 00 00 00 00 1c 00 31 4e
aa 01 00 00 00 00 00 00 00 00 01 79 01 25 00 a5 00 46 00 58 00 f7 01 91 01 93 00 00 00 00 00 06 00 1a cb
aa 01 00 00 00 00 00 00 00 00 01 85 01 3a 00 c5 00 59 00 45 00 ce 01 4d 01 5b 00 00 00 00 00 02 00 0c 55
aa 01 00 00 00 00 00 00 00 00 01 a4 01 43 00 e4 00 78 00 35 00 b5 01 1a 01 12 00 00 00 00 00 00 00 04 0c
aa 01 00 04 00 00 00 00 00 00 01 9d 01 3f 00 d7 00 98 00 2f 00 ba 01 1d 01 0a 00 00 00 00 00 00 00 03 11
aa 01 00 04 00 00 00 00 00 03 01 91 01 27 00 da 00 98 00 32 00 c1 01 28 01 18 00 02 00 00 00 01 00 00 16
aa 01 00 12 00 14 00 0a 00 08 01 46 01 0b 00 c0 00 9a 00 3e 00 e0 01 36 01 11 00 12 00 00 00 05 00 00 0e
aa 01 00 20 00 25 00 19 00 1a 01 1f 01 22 00 f2 00 dc 00 2c 00 87 00 b0 00 b6 00 19 00 00 00 06 00 00 6c
aa 01 00 19 00 23 00 24 00 25 00 fe 01 0b 00 f7 00 e1 00 1e 00 4c 00 4e 00 62 00 09 00 00 00 12 00 00 47
aa 01 00 1b 00 1c 00 1b 00 2d 00 bd 00 dd 00 d4 00 b6 00 24 00 6b 00 8f 00 a0 00 05 00 00 00 12 00 00 23
aa 01 00 0d 00 0e 00 0d 00 29 00 b8 00 cb 00 cc 00 a3 00 58 00 9b 00 b5 00 a4 00 00 00 00 00 12 00 00 4c
aa 01 00 09 00 10 00 12 00 26 00 f8 00 ec 00 c6 00 9b 00 5f 00 9b 00 da 00 d0 00 00 00 00 00 10 00 00 f5
aa 01 00 0f 00 15 00 0f 00 1e 01 3e 00 fd 00 c8 00 82 00 5d 00 bb 00 ee 00 f6 00 00 00 00 00 0a 00 00 88
aa 01 00 18 00 27 00 1a 00 10 01 19 00 cd 00 b4 00 8c 00 79 00 b3 00 c7 00 f6 00 00 00 00 00 00 00 00 24
aa 01 00 25 00 2e 00 20 00 10 00 de 00 a9 00 82 00 74 00 82 00 ae 00 ab 00 b3 00 0c 00 0b 00 13 00 02 65
aa 01 00 25 00 34 00 1d 00 10 00 ea 00 c2 00 97 00 83 00 85 00 c5 00 c2 00 f5 00 24 00 1c 00 1f 00 22 79
aa 01 00 28 00 37 00 21 00 0f 01 28 00 f9 00 a3 00 a3 00 80 00 ca 00 d6 01 0f 00 34 00 21 00 2a 00 3c 8d
aa 01 00 2a 00 3e 00 25 00 12 01 24 00 dc 00 b6 00 b0 00 80 00 9a 00 9c 00 a9 00 53 00 33 00 2e 00 51 15
aa 01 00 3c 00 3e 00 26 00 16 01 11 00 d7 00 92 00 9a 00 97 00 9b 00 85 00 68 00 51 00 3b 00 36 00 56 ad
